3.90873745944e-12
0.0
0.0
1.04319680628
0.0
0.0
0.0
0.0
0.0
0.0
0.0
0.0
0.0
0.0
1.68799256548
0.0
0.0
0.0
0.0
0.0
0.0
0.0
0.0
0.0
0.0
0.0
0.0
0.0
1.66979136243
0.0
0.0
0.0
0.0
0.0
0.0
0.0
0.0
0.0
0.0
0.0
0.0
0.0
0.0
0.280061857206
0.0
0.0
0.0
0.0
0.0
0.0
0.0
0.0
0.0
0.0
0.0
0.0
0.0
0.385852300357
0.0
0.0
0.0
0.0
0.0
0.0
0.0
0.0
0.0
0.0
0.0
0.0
0.177110965407
0.0
0.0
0.0
0.0
0.0
0.0
0.0
0.0
0.538454720384
0.0
0.0
0.0
0.0
0.0
0.0
0.0
0.0
0.0
0.0
0.0
0.0
0.0
0.0
0.281964779521
0.0
0.0
0.0
0.0
0.0
0.0
0.0
0.0
0.0
0.0
0.183255444242
0.0
0.0
0.0
0.0
0.0
0.0
0.0
0.0
0.0
0.0
0.0
1.08835744041
0.0
0.0
0.0
0.0
0.0
0.0
0.0
0.0
0.0
0.0
0.0
3.36718653372
0.0
0.0
0.0
0.0
0.0
0.0
0.0
0.0
0.0
0.0
1.18240321003
0.0
0.0
0.0
0.0
0.0
0.0
0.0
0.0
0.0
0.0
0.0
0.0
0.0
0.0
1.67354273492
0.0
0.0
0.0
0.0
0.0
0.0
0.0
0.0
0.0
0.0
0.0
0.0
0.0
0.0
0.0
0.305021618525
0.0
0.0
0.0
0.0
0.0
0.0
0.0
0.0
0.0
1.09269915745
0.0
0.0
0.0
0.0
0.0
0.0
0.0
0.0
1.12479757801
0.0
0.0
0.0
0.0
0.0
0.0
0.0
0.0
0.0
1.67436591267
0.0
0.0
0.0
0.0
0.0
0.0
0.0
0.0
0.0
0.0
0.0
2.2235653811
0.0
0.0
0.0
0.0
0.0
0.0
0.0
0.0
0.0
0.0
0.0
0.0
0.0
0.62720751149
0.0
0.0
0.0
0.0
0.0
0.0
0.0
0.0
0.0
0.552192572614
0.0
0.0
0.0
0.0
0.0
0.0
0.0
0.0
0.0
0.0
0.360299687369
0.0
0.0
0.0
0.0
0.0
0.0
0.0
0.0
0.0
0.0
0.733340833128
0.0
0.0
0.0
0.0
0.0
0.0
0.0
0.0
0.0
0.53373271832
0.0
0.0
0.0
0.0
0.0
0.0
0.0
0.0
0.0
0.0
0.0
0.468757036
0.0
0.0
0.0
0.0
0.0
0.695383246772
0.0
0.0
0.0
0.0
0.0
0.0
0.0
0.0
0.0
0.0
0.0
1.12475264027
0.0
0.0
0.0
0.0
0.0
0.0
0.0
0.0
0.0
0.220235685933
0.0
0.0
0.0
0.0
0.0
0.0
0.0
0.0
0.0
0.0
0.0
0.0
1.02711987371
0.0
0.0
0.0
0.0
0.0
0.0
0.0
0.0
0.0
0.0
0.0
0.0
0.318309525177
0.0
0.0
0.0
0.0
0.0
0.0
0.0
0.0
0.0
0.0
0.462209548385
0.0
0.0
0.0
0.0
0.0
0.0
0.0
0.0
0.0
0.0
1.1622402066
0.0
0.0
0.0
0.0
0.0
0.0
0.0
0.0
0.0
1.15933918771
0.0
0.0
0.0
0.0
0.0
0.0
0.0
0.0
0.0
0.0
2.63035764506
0.0
0.0
0.0
0.0
0.0
0.0
0.0
0.0
0.0
0.0
0.0
0.66328417835
0.0
0.0
0.0
0.0
0.0
0.0
0.0
0.0
0.0
0.0
0.0
2.644860013
0.0
0.0
0.0
0.0
0.0
0.0
0.0
0.0
0.0
0.0
0.0
0.0
0.0
1.9609911857
0.0
0.0
0.0
0.0
0.0
0.0
0.0
0.0
0.0
0.0
0.350790985706
0.0
0.0
0.0
0.0
0.0
0.0
0.0
0.0
0.0
0.0
0.0
0.0
0.0
0.653312759419
0.0
0.0
0.0
0.0
0.00446158051818
0.0
0.0
1.08850587457
0.0
0.0
0.0
0.0
0.0
0.0
0.0
0.0
0.0
0.0
0.0
3.41541386698
0.0
0.0
0.0
0.0
0.0
0.0
0.0
0.0
0.0
0.0
0.0
0.0
2.38422959406
0.0
0.0
0.0
0.0
0.0
0.0
0.0
0.0
0.0
0.0
0.0
0.0
1.97199546029
0.0
0.0
0.0
0.0
0.0
0.0
0.0
0.0
0.0
0.0
0.0
0.422941565594
0.0
0.0
0.0
0.0
0.0
0.0
0.0
0.0
0.0
0.0
0.0
0.225846611805
0.0
0.0
0.0
0.0
0.0
0.0
0.0
0.0
0.0
0.0
0.0
0.0
0.454794049214
0.0
0.0
0.0
0.0
0.0
0.0
0.0
0.0
0.0
0.0
0.173355083903
0.0
0.0
0.0
0.0
0.0
0.0
0.0
0.0
0.0
0.0
0.0
0.0
0.0
0.0
0.664511112282
0.0
0.0
0.0
0.0
0.0
0.0
0.0
0.0
0.0
0.0
0.0
0.0
0.0
1.1128197035
0.0
0.0
0.0
0.0
0.0
0.0
0.0
0.0
0.0
0.0
0.0
0.0
0.0
0.0
0.189182497542
0.0
0.0
0.0
0.0
0.0
0.0
0.0
0.0
0.0
0.0
0.28007405104
0.0
0.0
0.0
0.0
0.0
0.0
0.0
0.0
0.0
0.261449268948
0.0
0.0
0.0
0.0
0.0
0.0
0.0
0.0
0.0
0.0
0.0
0.0
0.0
0.0
0.854627280998
0.0
0.0
0.0
0.0
0.0
0.0
0.0
0.0
0.0
0.0
0.0
0.0
2.68095175955
0.0
0.0
0.0
0.0
0.0
0.0
0.0
0.0
0.0
0.0
0.0
0.0
0.0
0.0
0.0
1.79500860695
0.0
0.0
0.0
0.0
0.0
0.0
0.0
0.0
0.0
0.0
0.0
0.0
2.06017328135
0.0
0.0
0.0
0.0
0.0
0.0
0.0
0.0
0.0
0.0
0.0
0.0
0.0
0.0
0.0
1.86408372289
0.0
0.0
0.0
0.0
0.0
0.0
0.0
0.0
0.0
0.0
0.0
0.641866665981
0.0
0.0
0.0
0.0
0.0
0.0
0.0
0.0
0.0
0.0
0.0
1.48751574238
0.0
0.0
0.0
0.0
0.072778949287
0.0
0.0
0.0
0.0
0.0
0.0
0.0
0.0
0.0
0.0
0.0
0.743250134461
0.0
0.0
0.0
0.0
0.0
0.0
0.0
0.0
0.0
0.0
0.0
1.22225581464
0.0
0.0
0.0
0.0
0.0
0.0
0.0
0.0
0.0
0.901227788285
0.0
0.0
0.0
0.0
