8.95455909754e-10
0.0
0.0
0.0
0.0
0.686462327602
0.0
0.0
0.0
0.0
0.0
0.0
0.0
0.0
0.0
0.0
0.0
0.0
0.988716933029
0.0
0.0
0.0
0.0
0.0
0.0
0.0
0.0
0.0
0.0
0.460941993985
0.0
0.0
0.0
0.0
0.0
0.0
0.0
0.0
0.0
0.0
1.21393188949
0.0
0.0
0.0
0.0
0.0
0.0
0.0
0.0
0.0
0.0
0.18747136867
0.0
0.0
0.0
0.0
0.0
0.0
0.0
0.0
0.0
0.0
0.626300860631
0.0
0.0
0.0
0.0
0.0
0.0
0.0
0.0
0.0
0.0
0.0
0.0
0.0
0.723452807969
0.0
0.0
0.0
0.0
0.0
0.786306662107
0.0
0.0
0.0
0.0
0.0
0.0
0.0
0.345299403293
0.0
0.0
0.0
0.0
0.0
0.0
0.0
0.0
0.0
0.0
0.0
0.282015238701
0.0
0.0
0.0
0.0
0.0
0.0
0.0
0.0
0.0
0.0
1.9373724636
0.0
0.0
0.0
0.0
0.0
0.0
0.0
0.0
0.0
0.0
0.166044858094
0.0
0.0
0.0
0.0
0.0
0.0
0.0
0.0
0.0
0.0
0.0
0.380253347001
0.0
0.0
0.0
0.0
0.0
0.0
0.0
0.0
1.37744951252
0.0
0.0
0.0
0.0
0.0
0.0
0.0
0.0
0.0
0.0
0.0
0.0
0.0
0.870549254692
0.0
0.0
0.0
0.0
0.0
0.0
0.0
0.0
0.0
0.0
1.62252351292
0.0
0.0
0.0
0.0
0.0
0.0
0.0
0.0
0.0
0.0
0.0
14.5074606631
0.0
0.0
0.0
0.0
0.0
0.0
0.0
0.0
0.0
0.0
0.0
0.0
0.0
9.00426321266
0.0
0.0
0.0
0.0
0.0
0.0
0.0
0.0
0.0
0.0
0.0
6.29167352719
0.0
0.0
0.0
0.0
0.0
0.0
0.0
0.0
0.0
0.0
12.0803909329
0.0
0.0
0.0
0.0
0.0
0.0
0.0
0.0
0.0
0.0
9.26368510011
0.0
0.0
0.0
0.0
0.0
0.0
0.0
0.0
0.0
0.0
0.0
0.0
0.0
0.0
34.3046230301
0.0
0.0
0.0
0.0
0.0
0.0
0.0
0.0
0.0
0.0
0.0
0.0
0.0
0.0
30.3728343485
0.0
0.0
0.0
0.0
0.0
0.0
0.0
0.0
0.0
0.0
0.0
0.0
0.0
0.0
35.2072586309
0.0
0.0
0.0
0.0
0.0
0.0
0.0
0.0
0.0
0.0
0.0
0.0
0.0
34.0508889788
0.0
0.0
0.0
0.0
0.0
0.0
0.0
0.0
0.0
0.0
0.0
0.0
20.5526896588
0.0
0.0
0.0
0.0
0.0
0.0
0.0
0.0
0.0
0.0
0.0
15.1733693057
0.0
0.0
0.0
0.0
0.0
0.0
0.0
0.0
0.0
0.0
0.0
0.0
0.0
1.94540253181
0.0
0.0
52.7870207425
0.0
0.0
0.0
0.0
0.0
0.0
0.0
0.0
0.0
0.0
31.9445336849
0.0
0.0
0.0
0.0
0.0
0.0
0.0
0.0
0.0
0.0
0.0
75.9400879982
0.0
0.0
0.0
0.0
0.0
0.0
0.0
0.0
0.0
0.0
0.0
0.0
0.0
0.0
0.0
0.0
0.0
0.0
0.0
35.8591870928
0.0
0.0
0.0
0.0
0.0
0.0
0.0
0.0
0.0
0.0
26.23536279
0.0
0.0
0.0
0.0
0.0
0.0
0.0
0.0
0.0
0.0
0.0
0.0
0.0
0.0
0.0
0.0
86.4833633326
0.0
0.0
0.0
0.0
0.0
0.0
0.0
0.0
0.0
0.0
0.0
0.0
0.0
0.0
0.0
112.003035866
0.0
0.0
0.0
0.0
0.0
0.0
0.0
0.0
0.0
0.0
0.0
0.0
0.0
0.0
25.2449199453
0.0
0.0
0.0
0.0
0.0
0.0
0.0
0.0
0.0
0.0
0.0
0.0
0.0
86.2043555053
0.0
0.0
0.0
0.0
0.0
0.0
0.0
0.0
94.0258833254
0.0
0.0
0.0
0.0
0.0
0.0
0.0
0.0
0.0
0.0
0.0
59.7660385136
0.0
0.0
0.0
0.0
0.0
0.0
0.0
0.0
0.0
0.0
73.6440913704
0.0
0.0
0.0
0.0
0.0
0.0
0.0
0.0
0.0
0.0
38.8431032021
0.0
0.0
0.0
0.0
0.0
0.0
0.0
0.0
0.0
0.0
0.0
0.0
0.0
0.0
105.680369176
0.0
0.0
0.0
0.0
0.0
0.0
0.0
0.0
0.0
0.0
0.0
0.0
91.9226206987
0.0
0.0
0.0
0.0
0.0
0.0
0.0
0.0
0.0
0.0
0.0
0.0
0.0
58.2001393066
0.0
0.0
0.0
0.0
0.0
0.0
0.0
0.0
0.0
0.0
0.0
122.021309253
0.0
0.0
0.0
0.0
0.0
0.0
0.0
0.0
0.0
0.0
0.0
0.0
42.8299248165
0.0
0.0
0.0
0.0
0.0
0.0
0.0
0.0
0.0
0.0
0.0
0.0
87.0893140397
0.0
0.0
0.0
0.0
0.0
0.0
0.0
0.0
0.0
0.0
0.0
95.1875508147
0.0
0.0
0.0
0.0
0.0
0.0
0.0
0.0
44.0570162087
0.0
0.0
0.0
0.0
0.0
0.0
0.0
0.0
0.0
0.0
0.0
222.814232893
0.0
0.0
0.0
0.0
0.0
0.0
0.0
0.0
0.0
0.0
0.0
0.0
0.0
60.0404229455
0.0
0.0
0.0
0.0
0.0
0.0
0.0
0.0
0.0
0.0
0.0
117.062823755
0.0
0.0
0.0
0.0
0.0
0.0
0.0
0.0
0.0
0.0
0.0
0.0
0.0
53.9680294991
0.0
0.0
0.0
0.0
0.0
0.0
0.0
0.0
0.0
0.0
0.0
0.0
0.0
70.9796030604
0.0
0.0
0.0
0.0
0.0
0.0
0.0
0.0
0.0
0.0
0.0
0.0
0.0
95.7054918378
0.0
0.0
0.0
0.0
0.0
0.0
0.0
0.0
0.0
0.0
0.0
113.871262438
0.0
0.0
0.0
0.0
0.0
0.0
0.0
0.0
0.0
0.0
0.0
0.0
108.703495667
0.0
0.0
0.0
0.0
0.0
0.0
0.0
0.0
0.0
99.955682755
0.0
0.0
0.0
0.0
0.0
0.0
0.0
0.0
0.0
0.0
0.0
90.8184343765
0.0
0.0
0.0
0.0
0.0
0.0
0.0
0.0
0.0
0.0
86.6176541564
0.0
0.0
0.0
0.0
0.0
0.0
0.0
0.0
0.0
0.0
0.0
0.0
0.0
0.0
0.0
0.0
0.0
0.0
0.0
0.0
0.0
80.3533404515
0.0
0.0
0.0
0.0
0.0
0.0
0.0
0.0
0.0
0.0
0.0
0.0
0.0
78.7353508169
0.0
0.0
0.0
0.0
0.0
0.0
0.0
0.0
0.0
0.0
0.0
0.0
0.0
0.0
0.0
103.975805131
0.0
0.0
0.0
0.0
0.0
0.0
0.0
0.0
0.0
0.0
0.0
0.0
0.0
0.0
0.0
35.8632392767
0.0
0.0
0.0
0.0
0.0
0.0
0.0
0.0
0.0
0.0
0.0
0.0
0.0
0.0
35.0780398114
0.0
0.0
0.0
0.0
0.0
0.0
0.0
0.0
0.0
0.0
0.0
0.0
0.0
66.9734285116
0.0
0.0
0.0
0.0
0.0
0.0
0.0
0.0
0.0
74.0408489483
0.0
0.0
0.0
0.0
0.0
0.0
0.0
0.0
0.0
0.0
0.0
0.0
0.0
0.0
84.3089842982
0.0
0.0
0.0
0.0
0.0
0.0
79.5380894615
0.0
0.0
0.0
0.0
0.0
0.0
0.0
0.0
0.0
48.7817773683
0.0
0.0
0.0
0.0
0.0
0.0
0.0
0.0
0.0
0.0
0.0
0.0
70.8472780543
0.0
0.0
0.0
0.0
0.0
0.0
0.0
0.0
0.0
0.0
0.0
84.0013150795
0.0
0.0
0.0
0.0
0.0
0.0
0.0
0.0
0.0
0.0
0.0
0.0
65.1352151995
0.0
0.0
0.0
0.0
0.0
0.0
0.0
0.0
0.0
0.0
0.0
0.0
23.941917716
0.0
0.0
0.0
0.0
0.0
0.0
0.0
0.0
0.0
0.0
0.0
0.0
30.0943536396
0.0
0.0
0.0
0.0
0.0
0.0
0.0
0.0
0.0
68.4191823539
0.0
0.0
0.0
0.0
0.0
0.0
0.0
0.0
0.0
0.0
76.5821708501
0.0
0.0
0.0
0.0
0.0
0.0
0.0
0.0
0.0
0.0
0.0
0.0
0.0
0.0
0.0
108.823990793
0.0
0.0
0.0
0.0
0.0
0.0
0.0
0.0
0.0
0.0
0.0
0.0
71.5085882308
0.0
0.0
0.0
0.0
0.0
0.0
0.0
0.0
0.0
0.0
60.314595509
0.0
0.0
0.0
0.0
0.0
0.0
0.0
0.0
0.0
0.0
0.0
0.0
42.7960648035
0.0
0.0
0.0
0.0
0.0
0.0
0.0
0.0
0.0
0.0
0.0
0.0
348.558694199
0.0
0.0
0.0
0.0
0.0
0.0
0.0
0.0
0.0
0.0
47.0083868212
0.0
0.0
0.0
0.0
0.0
0.0
0.0
0.0
0.0
0.0
0.0
0.0
96.9133652903
0.0
0.0
0.0
0.0
0.0
0.0
0.0
0.0
0.0
0.0
0.0
0.0
96.0595078508
0.0
0.0
0.0
0.0
0.0
0.0
0.0
0.0
0.0
0.0
94.4606224202
0.0
0.0
0.0
0.0
0.0
0.0
0.0
0.0
0.0
0.0
87.2805470892
0.0
0.0
0.0
0.0
0.0
0.0
0.0
0.0
0.0
0.0
0.0
127.703466247
0.0
0.0
0.0
0.0
0.0
0.0
0.0
0.0
85.3016602864
0.0
0.0
0.0
0.0
0.0
0.0
0.0
0.0
0.0
0.0
0.0
0.0
36.0896180165
0.0
0.0
0.0
0.0
0.0
0.0
0.0
0.0
0.0
0.0
0.0
0.0
0.0
0.0
0.0
55.9537551493
0.0
0.0
0.0
0.0
0.0
0.0
0.0
0.0
0.0
0.0
44.7108738253
0.0
0.0
0.0
0.0
0.0
0.0
0.0
0.0
0.0
0.0
0.0
0.0
0.0
0.0
59.1892410838
0.0
0.0
0.0
0.0
0.0
0.0
0.0
0.0
0.0
0.0
0.0
0.0
0.0
0.0
0.0
41.7544805569
0.0
0.0
0.0
0.0
0.0
0.0
0.0
0.0
0.0
0.0
0.0
0.0
0.0
0.0
51.9934812117
0.0
0.0
0.0
0.0
1.14058528893
0.0
0.0
0.0
29.1247220402
0.0
0.0
0.0
0.0
0.0
0.0
0.0
0.0
0.0
0.0
0.0
13.1265182464
0.0
0.0
0.0
0.0
0.0
0.0
0.0
0.0
0.0
0.0
32.0495008832
0.0
0.0
0.0
0.0
0.0
0.0
0.0
0.0
0.0
0.0
0.0
0.0
22.0623100878
0.0
0.0
0.0
0.0
0.0
0.0
0.0
0.0
0.0
0.0
0.0
0.0
25.5165818555
0.0
0.0
0.0
0.0
0.0
0.0
0.0
0.0
0.0
0.0
0.0
0.0
0.0
0.0
31.6327884855
0.0
0.0
0.0
0.0
0.0
0.0
0.0
0.0
0.0
0.0
0.0
0.0
23.2773560754
0.0
0.0
0.0
0.0
0.0
0.0
0.0
0.0
0.0
0.0
0.0
8.39571350317
0.0
0.0
0.0
0.0
0.0
0.0
0.0
0.0
0.0
0.0
0.0
0.0
22.0785516368
0.0
0.0
0.0
0.0
0.0
0.0
0.0
0.0
0.0
0.0
0.0
9.39804890312
0.0
0.0
0.0
0.0
0.0
0.0
0.0
0.0
0.0
17.5822979374
0.0
0.0
0.0
0.0
0.0
0.0
0.0
0.0
0.0
0.0
0.0
0.0
0.0
0.490288941818
0.0
0.0
3.53718812445
0.0
0.0
0.0
0.0
0.0
0.0
0.0
0.0
0.0
0.0
0.0
0.0
0.0
0.0
