3.16636143151e-09
23.404591812
33.9070104278
10.3029506327
25.4964982437
24.1546862187
21.6981533821
29.4326435381
11.7048208978
25.6351555208
7.51821825678
19.3042403313
23.0398024287
11.7655945591
25.4312622553
28.2804967482
23.2607777505
30.5390371529
10.1280060886
17.6015947529
12.5274730702
30.4333736056
22.2690242546
25.5307545429
22.8461930778
8.17052029115
0.713746414514
21.669058015
58.9225219739
22.9638059218
21.0626828653
17.5061448015
16.375254305
9.26805217536
16.6485038921
32.5385998488
10.0762100829
9.61448266927
11.9205269952
27.9488381322
21.3021333584
18.3267543971
20.3766458896
38.0244124533
18.3338159363
9.4391313841
29.5621441981
27.4092822783
5.56982303411
20.7091172784
8.22837328126
32.568319964
24.0378631489
11.1559225458
5.70614159774
24.4990476839
28.1336432451
29.7091386564
20.4062011055
16.9149978701
25.3143488234
30.7851271281
22.0360608036
28.6549199297
22.7852140658
19.6135925435
24.65140195
28.1830017262
12.3766742097
17.7208017163
20.7757469517
19.7390314668
21.2414930912
18.8395598871
68.1965115964
11.581775677
9.7471476734
23.4465352472
10.8703171672
24.9937122685
13.8872038116
16.690332509
19.5372331954
19.4444750753
17.3797503237
25.5983267765
23.2240922255
26.0466890849
19.0171683207
42.9107855339
15.0759402787
24.3988331813
20.3661516074
22.1580230336
36.2428925856
9.76746798746
15.4141592792
28.6351137265
25.4187622745
20.1513400873
19.4275771983
26.1839428903
26.2575922594
7.59754986081
36.2549479374
32.4717651859
23.4365162182
24.7407303874
23.0956659093
10.5903815907
9.85750578324
23.8288030832
16.4228496863
10.2256371068
18.8713382468
18.2849739544
11.2348261173
92.1419418306
